,first_card,second_card,best_outcome_prediction_0,best_outcome_prediction_1,best_outcome_prediction_2
0,Wizard,Wizard,-20.0,-10.0,40.0
1,Wizard,Jester,-9.94,29.88,-10.0
2,Wizard,7 RED,-18.57,-4.96,24.55
3,Wizard,Jester,-9.93,29.92,-10.0
4,Wizard,8 RED,-18.56,-4.48,28.2
5,Wizard,2 RED,-17.06,1.04,19.35
6,Wizard,3 RED,-16.75,1.28,18.05
7,Wizard,12 RED,-19.35,-7.92,28.65
8,Wizard,6 RED,-18.36,-4.04,24.65
9,Wizard,13 RED,-19.7,-9.08,30.45
10,Wizard,4 RED,-17.43,-0.56,19.6
11,Wizard,11 RED,-19.24,-7.2,32.15
12,Wizard,5 RED,-17.52,-1.12,20.2
13,Wizard,1 RED,-16.99,1.0,18.15
14,Wizard,10 RED,-18.82,-5.8,25.85
15,Wizard,9 RED,-18.77,-5.4,28.95
16,7 RED,Jester,-3.46,15.76,-13.56
17,7 RED,8 RED,-16.94,0.4,26.77
18,7 RED,2 RED,-15.71,3.48,24.97
19,7 RED,3 RED,-15.98,2.76,24.9
20,7 RED,12 RED,-17.46,-0.64,31.64
21,7 RED,6 RED,-16.25,1.44,24.05
22,7 RED,13 RED,-17.58,-0.8,33.68
23,7 RED,4 RED,-16.25,2.56,25.31
24,7 RED,11 RED,-17.01,0.64,29.76
25,7 RED,5 RED,-15.76,3.08,22.57
26,7 RED,1 RED,-15.61,3.68,25.67
27,7 RED,10 RED,-17.1,0.28,28.49
28,7 RED,9 RED,-17.14,-0.04,27.52
29,Jester,8 RED,-5.44,20.76,-12.28
30,Jester,2 RED,-0.7,12.36,-14.41
31,Jester,3 RED,-2.05,13.24,-14.19
32,Jester,12 RED,-8.26,21.32,-12.17
33,Jester,6 RED,-5.08,19.68,-12.52
34,Jester,13 RED,-8.95,26.28,-10.9
35,Jester,4 RED,-2.18,16.76,-13.27
36,Jester,11 RED,-7.87,23.72,-11.51
37,Jester,5 RED,-2.95,15.08,-13.73
38,Jester,1 RED,0.11,14.4,-13.87
39,Jester,10 RED,-6.64,19.4,-12.65
40,Jester,9 RED,-5.92,18.68,-12.83
41,8 RED,2 RED,-16.83,1.04,30.51
42,8 RED,3 RED,-16.32,2.24,27.17
43,8 RED,12 RED,-17.69,-1.48,32.76
44,8 RED,6 RED,-17.26,-0.44,29.04
45,8 RED,13 RED,-17.39,-0.04,32.15
46,8 RED,4 RED,-16.35,1.68,26.21
47,8 RED,11 RED,-16.52,1.24,26.22
48,8 RED,5 RED,-16.57,1.8,26.84
49,8 RED,1 RED,-15.56,4.2,25.95
50,8 RED,10 RED,-17.18,-0.04,28.89
51,8 RED,9 RED,-17.39,-1.08,28.46
52,2 RED,3 RED,-15.32,3.48,20.54
53,2 RED,12 RED,-16.01,4.52,30.87
54,2 RED,6 RED,-15.66,3.56,23.84
55,2 RED,13 RED,-16.23,4.0,32.56
56,2 RED,4 RED,-15.54,3.56,22.48
57,2 RED,11 RED,-16.24,3.96,30.54
58,2 RED,5 RED,-15.44,3.96,21.93
59,2 RED,1 RED,-15.66,2.84,22.87
60,2 RED,10 RED,-16.8,1.76,32.23
61,2 RED,9 RED,-16.06,3.24,27.47
62,3 RED,12 RED,-16.51,2.84,31.08
63,3 RED,6 RED,-15.81,3.76,23.09
64,3 RED,13 RED,-16.45,3.4,31.75
65,3 RED,4 RED,-16.7,0.84,26.73
66,3 RED,11 RED,-15.58,5.2,25.65
67,3 RED,5 RED,-14.46,5.16,18.02
68,3 RED,1 RED,-15.43,3.2,21.82
69,3 RED,10 RED,-16.06,3.76,27.9
70,3 RED,9 RED,-15.34,4.68,23.03
71,12 RED,6 RED,-17.69,-1.08,35.19
72,12 RED,13 RED,-19.29,-7.2,37.15
73,12 RED,4 RED,-16.81,1.44,31.82
74,12 RED,11 RED,-18.23,-3.28,32.41
75,12 RED,5 RED,-16.64,1.88,31.0
76,12 RED,1 RED,-15.92,5.12,30.44
77,12 RED,10 RED,-18.01,-2.2,31.98
78,12 RED,9 RED,-17.81,-1.92,31.19
79,6 RED,13 RED,-17.12,1.16,32.77
80,6 RED,4 RED,-16.5,0.52,27.44
81,6 RED,11 RED,-16.9,0.8,29.26
82,6 RED,5 RED,-16.23,1.72,24.06
83,6 RED,1 RED,-16.29,1.96,28.31
84,6 RED,10 RED,-16.84,1.04,28.41
85,6 RED,9 RED,-17.11,-0.2,28.7
86,13 RED,4 RED,-15.82,5.04,29.54
87,13 RED,11 RED,-19.14,-6.56,37.9
88,13 RED,5 RED,-16.72,2.48,31.38
89,13 RED,1 RED,-15.12,7.16,27.26
90,13 RED,10 RED,-18.33,-3.64,34.25
91,13 RED,9 RED,-17.59,-0.76,33.01
92,4 RED,11 RED,-16.85,1.4,30.41
93,4 RED,5 RED,-15.92,1.52,23.33
94,4 RED,1 RED,-15.02,4.36,21.07
95,4 RED,10 RED,-17.01,0.84,30.54
96,4 RED,9 RED,-17.11,0.32,31.04
97,11 RED,5 RED,-16.96,1.28,30.08
98,11 RED,1 RED,-15.19,7.24,26.24
99,11 RED,10 RED,-16.99,0.4,26.92
100,11 RED,9 RED,-17.78,-1.8,31.12
101,5 RED,1 RED,-15.72,3.04,24.37
102,5 RED,10 RED,-16.76,1.12,28.76
103,5 RED,9 RED,-16.57,1.76,27.8
104,1 RED,10 RED,-15.7,5.72,28.55
105,1 RED,9 RED,-16.0,3.68,27.99
106,10 RED,9 RED,-17.58,-1.0,28.8
107,Wizard,1 BLUE,-12.46,18.2,-3.35
108,Wizard,6 BLUE,-14.81,8.2,0.96
109,Wizard,12 BLUE,-18.35,-3.8,17.14
110,Wizard,3 BLUE,-13.45,14.64,-2.9
111,Wizard,11 BLUE,-18.03,-2.76,14.07
112,Wizard,9 BLUE,-16.85,1.4,8.31
113,Wizard,2 BLUE,-13.03,16.56,-3.8
114,Wizard,10 BLUE,-17.27,0.24,10.86
115,Wizard,8 BLUE,-16.4,3.16,7.0
116,Wizard,4 BLUE,-14.16,12.24,-0.2
117,Wizard,7 BLUE,-15.46,7.16,5.07
118,Wizard,5 BLUE,-15.01,8.52,2.51
119,Wizard,13 BLUE,-18.85,-6.44,17.82
120,7 RED,1 BLUE,-10.01,15.08,-4.36
121,7 RED,6 BLUE,-12.55,8.32,4.6
122,7 RED,12 BLUE,-12.65,1.44,16.13
123,7 RED,3 BLUE,-10.81,13.4,-1.23
124,7 RED,11 BLUE,-11.78,2.08,13.53
125,7 RED,9 BLUE,-12.14,5.8,7.27
126,7 RED,2 BLUE,-9.58,14.84,-5.24
127,7 RED,10 BLUE,-12.28,4.16,10.88
128,7 RED,8 BLUE,-12.37,5.56,6.72
129,7 RED,4 BLUE,-10.69,10.92,-1.35
130,7 RED,7 BLUE,-12.26,9.04,4.12
131,7 RED,5 BLUE,-11.15,10.6,0.85
132,7 RED,13 BLUE,-13.77,-2.16,24.44
133,Jester,1 BLUE,18.59,-4.52,-18.63
134,Jester,6 BLUE,13.72,0.0,-17.49
135,Jester,12 BLUE,7.16,11.16,-14.71
136,Jester,3 BLUE,16.48,-2.8,-18.19
137,Jester,11 BLUE,8.13,9.24,-15.17
138,Jester,9 BLUE,11.02,4.96,-16.25
139,Jester,2 BLUE,17.47,-5.12,-18.77
140,Jester,10 BLUE,9.93,7.96,-15.49
141,Jester,8 BLUE,11.84,2.12,-16.97
142,Jester,4 BLUE,16.19,-3.76,-18.44
143,Jester,7 BLUE,13.13,0.4,-17.4
144,Jester,5 BLUE,14.6,-1.52,-17.85
145,Jester,13 BLUE,5.63,13.32,-14.17
146,8 RED,1 BLUE,-9.27,15.92,-5.95
147,8 RED,6 BLUE,-12.59,9.92,3.96
148,8 RED,12 BLUE,-13.02,1.76,15.26
149,8 RED,3 BLUE,-11.12,12.36,0.73
150,8 RED,11 BLUE,-13.4,1.04,15.98
151,8 RED,9 BLUE,-13.52,5.08,9.85
152,8 RED,2 BLUE,-10.46,15.0,-4.28
153,8 RED,10 BLUE,-13.28,4.2,9.92
154,8 RED,8 BLUE,-12.12,5.96,5.96
155,8 RED,4 BLUE,-11.31,10.24,0.0
156,8 RED,7 BLUE,-12.79,6.32,7.32
157,8 RED,5 BLUE,-11.82,11.32,0.49
158,8 RED,13 BLUE,-13.7,0.76,18.74
159,2 RED,1 BLUE,-5.87,12.72,-6.88
160,2 RED,6 BLUE,-5.99,8.52,-2.87
161,2 RED,12 BLUE,-10.67,2.12,16.08
162,2 RED,3 BLUE,-6.36,11.92,-5.01
163,2 RED,11 BLUE,-8.96,4.04,10.41
164,2 RED,9 BLUE,-8.34,6.08,6.71
165,2 RED,2 BLUE,-6.82,12.8,-4.64
166,2 RED,10 BLUE,-8.35,4.68,7.28
167,2 RED,8 BLUE,-7.78,8.12,2.9
168,2 RED,4 BLUE,-5.13,10.92,-5.97
169,2 RED,7 BLUE,-7.54,7.92,0.06
170,2 RED,5 BLUE,-5.79,9.32,-4.11
171,2 RED,13 BLUE,-10.34,1.16,18.14
172,3 RED,1 BLUE,-6.18,12.56,-6.88
173,3 RED,6 BLUE,-7.44,9.2,-0.7
174,3 RED,12 BLUE,-10.77,1.56,15.24
175,3 RED,3 BLUE,-8.46,12.0,-4.05
176,3 RED,11 BLUE,-9.83,3.84,10.59
177,3 RED,9 BLUE,-9.2,7.36,4.66
178,3 RED,2 BLUE,-7.53,13.72,-5.19
179,3 RED,10 BLUE,-10.28,4.76,10.72
180,3 RED,8 BLUE,-7.8,6.28,3.39
181,3 RED,4 BLUE,-7.47,10.24,-3.68
182,3 RED,7 BLUE,-7.53,7.92,0.78
183,3 RED,5 BLUE,-8.59,9.6,-0.2
184,3 RED,13 BLUE,-10.57,0.28,18.96
185,12 RED,1 BLUE,-11.76,18.28,-2.62
186,12 RED,6 BLUE,-13.91,10.0,6.68
187,12 RED,12 BLUE,-17.1,-0.16,22.24
188,12 RED,3 BLUE,-12.83,16.64,1.91
189,12 RED,11 BLUE,-16.86,0.48,19.75
190,12 RED,9 BLUE,-15.98,4.44,15.79
191,12 RED,2 BLUE,-11.98,16.08,-1.32
192,12 RED,10 BLUE,-16.12,2.8,16.66
193,12 RED,8 BLUE,-15.06,5.44,12.26
194,12 RED,4 BLUE,-12.89,13.56,1.84
195,12 RED,7 BLUE,-15.22,7.2,12.1
196,12 RED,5 BLUE,-13.25,11.64,3.92
197,12 RED,13 BLUE,-17.15,-2.68,26.36
198,6 RED,1 BLUE,-8.22,13.16,-7.56
199,6 RED,6 BLUE,-10.53,8.96,2.03
200,6 RED,12 BLUE,-13.18,0.12,19.87
201,6 RED,3 BLUE,-9.44,13.72,-4.93
202,6 RED,11 BLUE,-11.06,2.92,11.42
203,6 RED,9 BLUE,-10.95,4.6,5.86
204,6 RED,2 BLUE,-8.66,13.08,-4.79
205,6 RED,10 BLUE,-12.31,3.84,10.72
206,6 RED,8 BLUE,-11.09,7.4,4.58
207,6 RED,4 BLUE,-9.15,10.56,-4.7
208,6 RED,7 BLUE,-10.83,8.36,2.82
209,6 RED,5 BLUE,-10.44,10.72,0.14
210,6 RED,13 BLUE,-10.75,2.2,14.1
211,13 RED,1 BLUE,-12.04,18.48,-1.65
212,13 RED,6 BLUE,-14.07,10.96,6.93
213,13 RED,12 BLUE,-17.26,-0.68,23.49
214,13 RED,3 BLUE,-12.95,15.44,2.08
215,13 RED,11 BLUE,-16.84,0.92,19.82
216,13 RED,9 BLUE,-16.48,3.8,17.51
217,13 RED,2 BLUE,-12.24,17.84,-0.72
218,13 RED,10 BLUE,-16.41,2.48,17.77
219,13 RED,8 BLUE,-16.14,5.2,15.5
220,13 RED,4 BLUE,-13.34,13.88,3.38
221,13 RED,7 BLUE,-14.89,8.36,9.94
222,13 RED,5 BLUE,-13.83,12.4,4.86
223,13 RED,13 BLUE,-18.77,-5.48,31.31
224,4 RED,1 BLUE,-7.79,14.32,-6.88
225,4 RED,6 BLUE,-10.27,9.4,0.23
226,4 RED,12 BLUE,-10.0,3.08,13.3
227,4 RED,3 BLUE,-8.62,12.92,-5.15
228,4 RED,11 BLUE,-10.07,4.04,11.0
229,4 RED,9 BLUE,-9.91,5.56,6.37
230,4 RED,2 BLUE,-8.47,13.92,-5.54
231,4 RED,10 BLUE,-8.9,4.8,6.91
232,4 RED,8 BLUE,-10.1,6.64,3.69
233,4 RED,4 BLUE,-7.93,11.4,-4.36
234,4 RED,7 BLUE,-9.01,8.44,1.52
235,4 RED,5 BLUE,-8.79,10.12,-2.7
236,4 RED,13 BLUE,-11.72,1.04,17.82
237,11 RED,1 BLUE,-11.87,18.88,-0.88
238,11 RED,6 BLUE,-13.62,9.76,6.06
239,11 RED,12 BLUE,-16.18,0.36,21.25
240,11 RED,3 BLUE,-12.23,14.76,0.44
241,11 RED,11 BLUE,-16.3,0.76,18.35
242,11 RED,9 BLUE,-15.51,4.16,13.98
243,11 RED,2 BLUE,-11.5,15.04,-3.56
244,11 RED,10 BLUE,-15.65,4.0,14.91
245,11 RED,8 BLUE,-15.35,5.52,12.73
246,11 RED,4 BLUE,-12.55,13.84,0.95
247,11 RED,7 BLUE,-14.1,7.12,7.55
248,11 RED,5 BLUE,-13.05,11.64,2.89
249,11 RED,13 BLUE,-16.53,-2.44,25.03
250,5 RED,1 BLUE,-7.3,13.72,-8.92
251,5 RED,6 BLUE,-9.88,8.52,0.73
252,5 RED,12 BLUE,-10.09,3.12,11.49
253,5 RED,3 BLUE,-8.74,12.6,-3.81
254,5 RED,11 BLUE,-10.55,2.88,10.77
255,5 RED,9 BLUE,-11.02,5.0,7.43
256,5 RED,2 BLUE,-7.81,12.84,-6.06
257,5 RED,10 BLUE,-9.72,5.04,7.32
258,5 RED,8 BLUE,-11.0,6.88,4.66
259,5 RED,4 BLUE,-9.24,10.92,-2.2
260,5 RED,7 BLUE,-10.54,7.04,2.33
261,5 RED,5 BLUE,-10.09,9.96,-0.91
262,5 RED,13 BLUE,-10.97,1.32,17.25
263,1 RED,1 BLUE,-4.96,12.96,-6.91
264,1 RED,6 BLUE,-5.26,7.4,-1.23
265,1 RED,12 BLUE,-8.49,4.56,12.81
266,1 RED,3 BLUE,-5.98,12.16,-6.13
267,1 RED,11 BLUE,-8.32,5.2,9.18
268,1 RED,9 BLUE,-7.54,7.08,4.07
269,1 RED,2 BLUE,-4.66,12.56,-6.61
270,1 RED,10 BLUE,-8.21,5.76,7.45
271,1 RED,8 BLUE,-7.61,7.76,3.87
272,1 RED,4 BLUE,-4.86,11.32,-4.71
273,1 RED,7 BLUE,-6.85,7.36,-0.82
274,1 RED,5 BLUE,-5.67,9.56,-2.29
275,1 RED,13 BLUE,-7.89,4.56,12.05
276,10 RED,1 BLUE,-10.22,15.4,-6.64
277,10 RED,6 BLUE,-13.06,9.88,4.07
278,10 RED,12 BLUE,-14.83,0.52,19.35
279,10 RED,3 BLUE,-11.89,13.6,-0.29
280,10 RED,11 BLUE,-15.03,2.04,15.92
281,10 RED,9 BLUE,-14.55,4.56,11.42
282,10 RED,2 BLUE,-11.24,15.36,-1.84
283,10 RED,10 BLUE,-14.99,3.68,13.75
284,10 RED,8 BLUE,-14.19,6.36,8.64
285,10 RED,4 BLUE,-12.2,12.56,0.47
286,10 RED,7 BLUE,-13.49,7.52,6.91
287,10 RED,5 BLUE,-12.52,11.76,2.76
288,10 RED,13 BLUE,-16.09,-3.16,25.15
289,9 RED,1 BLUE,-9.82,14.8,-6.17
290,9 RED,6 BLUE,-12.88,10.2,2.52
291,9 RED,12 BLUE,-14.54,0.08,19.16
292,9 RED,3 BLUE,-11.26,13.84,-1.24
293,9 RED,11 BLUE,-13.72,2.8,12.2
294,9 RED,9 BLUE,-13.54,4.84,10.96
295,9 RED,2 BLUE,-10.76,15.48,-3.33
296,9 RED,10 BLUE,-13.99,3.44,12.03
297,9 RED,8 BLUE,-14.2,6.28,9.89
298,9 RED,4 BLUE,-12.54,12.12,1.56
299,9 RED,7 BLUE,-13.29,9.52,5.27
300,9 RED,5 BLUE,-12.23,10.8,1.84
301,9 RED,13 BLUE,-14.58,-0.92,22.15
302,1 BLUE,5 GREEN,9.28,-5.2,-16.53
303,1 BLUE,10 GREEN,6.27,0.04,-12.63
304,1 BLUE,6 GREEN,9.64,-4.32,-17.03
305,1 BLUE,12 GREEN,5.62,2.88,-10.64
306,1 BLUE,7 GREEN,9.65,-4.16,-15.94
307,1 BLUE,3 GREEN,9.62,-6.52,-17.63
308,1 BLUE,4 GREEN,10.28,-5.64,-17.32
309,1 BLUE,11 GREEN,5.88,0.72,-12.83
310,1 BLUE,2 GREEN,10.87,-6.4,-18.02
311,1 BLUE,8 GREEN,7.11,-2.76,-14.47
312,1 BLUE,13 GREEN,3.77,4.28,-8.58
313,1 BLUE,1 GREEN,10.86,-7.48,-18.29
314,1 BLUE,9 GREEN,6.9,-1.08,-13.51
315,6 BLUE,5 GREEN,2.43,-4.6,-14.08
316,6 BLUE,10 GREEN,-0.67,-1.44,-8.41
317,6 BLUE,6 GREEN,2.16,-4.44,-13.14
318,6 BLUE,12 GREEN,-1.06,-0.24,-6.04
319,6 BLUE,7 GREEN,-0.35,-4.48,-11.83
320,6 BLUE,3 GREEN,5.93,-3.96,-15.74
321,6 BLUE,4 GREEN,3.46,-3.76,-13.76
322,6 BLUE,11 GREEN,-1.26,-1.48,-6.62
323,6 BLUE,2 GREEN,7.79,-4.64,-16.42
324,6 BLUE,8 GREEN,0.71,-3.0,-10.86
325,6 BLUE,13 GREEN,-2.0,1.44,-3.16
326,6 BLUE,1 GREEN,8.6,-4.36,-16.53
327,6 BLUE,9 GREEN,-2.09,-2.2,-7.64
328,12 BLUE,5 GREEN,0.54,-0.64,-7.66
329,12 BLUE,10 GREEN,-8.4,-0.56,1.18
330,12 BLUE,6 GREEN,-1.25,0.36,-6.69
331,12 BLUE,12 GREEN,-11.63,-2.08,8.57
332,12 BLUE,7 GREEN,-2.99,0.24,-4.88
333,12 BLUE,3 GREEN,3.23,1.12,-9.71
334,12 BLUE,4 GREEN,0.02,0.56,-7.82
335,12 BLUE,11 GREEN,-8.32,-2.36,0.9
336,12 BLUE,2 GREEN,3.63,2.92,-9.66
337,12 BLUE,8 GREEN,-3.82,-0.04,-2.96
338,12 BLUE,13 GREEN,-10.67,-2.6,6.01
339,12 BLUE,1 GREEN,4.16,4.04,-9.75
340,12 BLUE,9 GREEN,-6.43,-1.0,-0.38
341,3 BLUE,5 GREEN,6.2,-5.28,-16.12
342,3 BLUE,10 GREEN,2.93,-1.32,-10.93
343,3 BLUE,6 GREEN,6.32,-4.6,-15.12
344,3 BLUE,12 GREEN,3.9,1.04,-9.31
345,3 BLUE,7 GREEN,6.93,-4.4,-15.01
346,3 BLUE,3 GREEN,7.99,-6.64,-17.17
347,3 BLUE,4 GREEN,7.14,-6.6,-16.42
348,3 BLUE,11 GREEN,3.27,0.88,-11.0
349,3 BLUE,2 GREEN,9.62,-6.76,-17.56
350,3 BLUE,8 GREEN,5.96,-3.04,-13.71
351,3 BLUE,13 GREEN,2.07,3.12,-8.35
352,3 BLUE,1 GREEN,9.78,-6.4,-17.68
353,3 BLUE,9 GREEN,5.33,-1.36,-13.96
354,11 BLUE,5 GREEN,0.78,-1.64,-8.87
355,11 BLUE,10 GREEN,-6.55,-2.08,-3.23
356,11 BLUE,6 GREEN,-1.66,-1.12,-7.32
357,11 BLUE,12 GREEN,-9.49,-1.64,5.4
358,11 BLUE,7 GREEN,-2.81,-1.92,-6.04
359,11 BLUE,3 GREEN,3.23,0.6,-10.91
360,11 BLUE,4 GREEN,0.15,1.04,-7.66
361,11 BLUE,11 GREEN,-9.34,-1.52,0.61
362,11 BLUE,2 GREEN,4.32,2.24,-10.61
363,11 BLUE,8 GREEN,-4.06,-0.84,-4.61
364,11 BLUE,13 GREEN,-10.49,-1.4,7.04
365,11 BLUE,1 GREEN,4.16,1.72,-10.47
366,11 BLUE,9 GREEN,-4.7,-2.16,-1.78
367,9 BLUE,5 GREEN,1.35,-2.4,-12.28
368,9 BLUE,10 GREEN,-6.86,-1.44,-3.67
369,9 BLUE,6 GREEN,-0.07,-2.56,-9.83
370,9 BLUE,12 GREEN,-7.14,-0.52,-1.16
371,9 BLUE,7 GREEN,-1.76,-3.16,-9.43
372,9 BLUE,3 GREEN,2.76,-1.0,-11.16
373,9 BLUE,4 GREEN,2.04,-1.8,-11.48
374,9 BLUE,11 GREEN,-6.62,-1.44,-3.31
375,9 BLUE,2 GREEN,5.52,-2.12,-13.67
376,9 BLUE,8 GREEN,-3.21,-2.84,-7.88
377,9 BLUE,13 GREEN,-6.72,-0.44,4.72
378,9 BLUE,1 GREEN,6.19,-1.84,-14.28
379,9 BLUE,9 GREEN,-5.62,-2.36,-5.35
380,2 BLUE,5 GREEN,7.77,-5.88,-16.14
381,2 BLUE,10 GREEN,3.62,1.08,-10.11
382,2 BLUE,6 GREEN,8.41,-4.64,-15.93
383,2 BLUE,12 GREEN,3.87,2.08,-10.06
384,2 BLUE,7 GREEN,6.39,-3.68,-14.88
385,2 BLUE,3 GREEN,8.53,-6.76,-17.22
386,2 BLUE,4 GREEN,8.74,-5.88,-17.2
387,2 BLUE,11 GREEN,4.25,1.4,-10.66
388,2 BLUE,2 GREEN,9.64,-7.0,-17.66
389,2 BLUE,8 GREEN,6.02,-3.48,-14.42
390,2 BLUE,13 GREEN,2.4,3.76,-8.6
391,2 BLUE,1 GREEN,11.57,-8.08,-18.77
392,2 BLUE,9 GREEN,4.29,-1.44,-12.23
393,10 BLUE,5 GREEN,0.38,-0.32,-9.83
394,10 BLUE,10 GREEN,-5.66,-1.8,-5.38
395,10 BLUE,6 GREEN,-0.07,-1.88,-8.26
396,10 BLUE,12 GREEN,-7.83,-1.12,-0.28
397,10 BLUE,7 GREEN,-2.26,-1.52,-7.54
398,10 BLUE,3 GREEN,2.54,-0.4,-10.92
399,10 BLUE,4 GREEN,1.49,-2.16,-10.32
400,10 BLUE,11 GREEN,-6.7,-2.52,-2.05
401,10 BLUE,2 GREEN,5.36,-1.24,-12.24
402,10 BLUE,8 GREEN,-5.27,-1.92,-3.12
403,10 BLUE,13 GREEN,-7.78,0.0,3.13
404,10 BLUE,1 GREEN,7.17,0.8,-13.15
405,10 BLUE,9 GREEN,-6.6,-1.84,-2.66
406,8 BLUE,5 GREEN,3.05,-3.4,-12.57
407,8 BLUE,10 GREEN,-4.42,-2.08,-5.86
408,8 BLUE,6 GREEN,-0.3,-3.0,-10.9
409,8 BLUE,12 GREEN,-5.11,-0.8,-1.75
410,8 BLUE,7 GREEN,-1.06,-4.12,-10.27
411,8 BLUE,3 GREEN,4.3,-2.16,-13.28
412,8 BLUE,4 GREEN,2.41,-2.84,-11.53
413,8 BLUE,11 GREEN,-5.68,-1.16,-2.5
414,8 BLUE,2 GREEN,7.07,-3.72,-15.0
415,8 BLUE,8 GREEN,-1.35,-3.24,-11.09
416,8 BLUE,13 GREEN,-4.63,0.08,0.29
417,8 BLUE,1 GREEN,8.89,-3.4,-15.09
418,8 BLUE,9 GREEN,-2.99,-2.88,-7.81
419,4 BLUE,5 GREEN,4.37,-4.76,-15.1
420,4 BLUE,10 GREEN,2.71,-1.2,-10.84
421,4 BLUE,6 GREEN,5.29,-5.32,-15.85
422,4 BLUE,12 GREEN,0.64,0.88,-8.04
423,4 BLUE,7 GREEN,4.39,-3.76,-14.56
424,4 BLUE,3 GREEN,8.94,-6.6,-17.74
425,4 BLUE,4 GREEN,6.72,-5.96,-16.74
426,4 BLUE,11 GREEN,1.39,-0.12,-9.13
427,4 BLUE,2 GREEN,8.8,-6.56,-17.26
428,4 BLUE,8 GREEN,2.53,-2.96,-12.49
429,4 BLUE,13 GREEN,-0.5,3.08,-3.93
430,4 BLUE,1 GREEN,10.05,-6.04,-17.72
431,4 BLUE,9 GREEN,3.17,-2.72,-12.7
432,7 BLUE,5 GREEN,2.52,-3.48,-13.09
433,7 BLUE,10 GREEN,-1.64,-2.16,-8.29
434,7 BLUE,6 GREEN,-0.69,-3.48,-10.84
435,7 BLUE,12 GREEN,-3.05,-0.96,-3.89
436,7 BLUE,7 GREEN,-1.12,-3.64,-10.78
437,7 BLUE,3 GREEN,4.99,-3.84,-14.34
438,7 BLUE,4 GREEN,3.84,-3.44,-13.14
439,7 BLUE,11 GREEN,-2.71,-1.32,-5.96
440,7 BLUE,2 GREEN,8.06,-4.04,-15.48
441,7 BLUE,8 GREEN,-2.4,-2.8,-9.0
442,7 BLUE,13 GREEN,-4.34,1.0,0.22
443,7 BLUE,1 GREEN,8.14,-3.48,-15.32
444,7 BLUE,9 GREEN,-1.62,-2.32,-8.79
445,5 BLUE,5 GREEN,3.85,-5.2,-14.82
446,5 BLUE,10 GREEN,1.07,-1.4,-10.49
447,5 BLUE,6 GREEN,3.63,-5.32,-14.26
448,5 BLUE,12 GREEN,-1.28,0.36,-5.6
449,5 BLUE,7 GREEN,2.52,-4.44,-13.74
450,5 BLUE,3 GREEN,6.24,-5.4,-16.22
451,5 BLUE,4 GREEN,5.34,-5.56,-15.54
452,5 BLUE,11 GREEN,2.32,-2.08,-9.53
453,5 BLUE,2 GREEN,10.06,-5.16,-16.98
454,5 BLUE,8 GREEN,3.08,-3.96,-13.29
455,5 BLUE,13 GREEN,-1.83,1.96,-3.11
456,5 BLUE,1 GREEN,9.75,-4.4,-16.34
457,5 BLUE,9 GREEN,0.17,-1.8,-10.42
458,13 BLUE,5 GREEN,-3.05,1.56,-1.17
459,13 BLUE,10 GREEN,-9.5,-0.44,3.72
460,13 BLUE,6 GREEN,-4.13,2.04,-0.72
461,13 BLUE,12 GREEN,-11.81,-2.24,9.7
462,13 BLUE,7 GREEN,-4.86,0.52,-1.12
463,13 BLUE,3 GREEN,2.91,1.08,-8.54
464,13 BLUE,4 GREEN,-0.89,3.24,-5.8
465,13 BLUE,11 GREEN,-10.02,-0.84,6.13
466,13 BLUE,2 GREEN,1.72,3.2,-5.78
467,13 BLUE,8 GREEN,-4.86,-0.56,-0.74
468,13 BLUE,13 GREEN,-13.11,-1.08,11.58
469,13 BLUE,1 GREEN,4.8,5.2,-9.22
470,13 BLUE,9 GREEN,-6.91,-2.04,2.16
471,1 BLUE,6 BLUE,9.37,-7.8,-7.79
472,1 BLUE,12 BLUE,8.1,-3.68,3.46
473,1 BLUE,3 BLUE,10.7,-8.76,-11.82
474,1 BLUE,11 BLUE,8.04,-4.8,4.84
475,1 BLUE,9 BLUE,8.46,-6.52,-1.09
476,1 BLUE,2 BLUE,10.97,-9.24,-11.93
477,1 BLUE,10 BLUE,9.49,-6.32,0.01
478,1 BLUE,8 BLUE,8.99,-7.12,-3.08
479,1 BLUE,4 BLUE,9.61,-8.8,-9.41
480,1 BLUE,7 BLUE,9.38,-8.08,-6.38
481,1 BLUE,5 BLUE,11.05,-8.84,-10.53
482,1 BLUE,13 BLUE,7.98,-3.72,7.29
483,6 BLUE,12 BLUE,0.68,-6.16,7.03
484,6 BLUE,3 BLUE,6.41,-8.28,-6.9
485,6 BLUE,11 BLUE,0.41,-5.28,3.44
486,6 BLUE,9 BLUE,0.98,-6.52,1.32
487,6 BLUE,2 BLUE,8.36,-8.0,-6.95
488,6 BLUE,10 BLUE,1.44,-6.32,-1.36
489,6 BLUE,8 BLUE,2.22,-6.04,-3.39
490,6 BLUE,4 BLUE,4.83,-7.56,-5.02
491,6 BLUE,7 BLUE,2.31,-6.48,-4.41
492,6 BLUE,5 BLUE,3.55,-7.0,-4.38
493,6 BLUE,13 BLUE,1.21,-5.08,7.41
494,12 BLUE,3 BLUE,4.68,-5.12,6.15
495,12 BLUE,11 BLUE,-7.64,-5.56,6.56
496,12 BLUE,9 BLUE,-3.36,-5.48,4.02
497,12 BLUE,2 BLUE,5.92,-4.36,6.75
498,12 BLUE,10 BLUE,-5.86,-5.76,5.97
499,12 BLUE,8 BLUE,-2.82,-5.28,7.64
500,12 BLUE,4 BLUE,2.48,-4.56,5.83
501,12 BLUE,7 BLUE,-1.4,-5.88,6.78
502,12 BLUE,5 BLUE,2.66,-5.56,4.42
503,12 BLUE,13 BLUE,-11.3,-6.32,15.7
504,3 BLUE,11 BLUE,4.93,-5.32,2.98
505,3 BLUE,9 BLUE,6.23,-6.44,-1.44
506,3 BLUE,2 BLUE,8.08,-8.68,-8.62
507,3 BLUE,10 BLUE,5.49,-6.08,0.04
508,3 BLUE,8 BLUE,5.43,-6.4,-0.95
509,3 BLUE,4 BLUE,7.98,-8.4,-9.62
510,3 BLUE,7 BLUE,6.0,-7.2,-3.63
511,3 BLUE,5 BLUE,8.03,-8.24,-8.79
512,3 BLUE,13 BLUE,5.77,-3.76,7.57
513,11 BLUE,9 BLUE,-3.63,-5.72,4.83
514,11 BLUE,2 BLUE,6.69,-4.76,5.7
515,11 BLUE,10 BLUE,-6.04,-5.76,6.66
516,11 BLUE,8 BLUE,-2.76,-5.44,3.92
517,11 BLUE,4 BLUE,4.44,-5.44,2.88
518,11 BLUE,7 BLUE,-0.23,-5.88,3.76
519,11 BLUE,5 BLUE,2.88,-6.2,2.41
520,11 BLUE,13 BLUE,-7.59,-5.12,9.47
521,9 BLUE,2 BLUE,6.76,-6.64,-1.34
522,9 BLUE,10 BLUE,-5.04,-5.4,4.4
523,9 BLUE,8 BLUE,-1.23,-6.76,-0.24
524,9 BLUE,4 BLUE,4.36,-6.08,0.36
525,9 BLUE,7 BLUE,0.12,-5.64,0.69
526,9 BLUE,5 BLUE,2.12,-5.92,-0.79
527,9 BLUE,13 BLUE,-4.96,-4.64,9.66
528,2 BLUE,10 BLUE,7.12,-5.88,-0.18
529,2 BLUE,8 BLUE,6.97,-6.72,-3.22
530,2 BLUE,4 BLUE,8.99,-8.68,-10.24
531,2 BLUE,7 BLUE,7.91,-7.48,-3.67
532,2 BLUE,5 BLUE,7.52,-7.76,-5.42
533,2 BLUE,13 BLUE,6.91,-3.6,6.91
534,10 BLUE,8 BLUE,-2.25,-5.48,3.93
535,10 BLUE,4 BLUE,2.89,-6.12,2.55
536,10 BLUE,7 BLUE,-0.14,-5.8,2.36
537,10 BLUE,5 BLUE,3.15,-5.68,0.93
538,10 BLUE,13 BLUE,-7.48,-6.24,14.43
539,8 BLUE,4 BLUE,4.42,-6.6,-2.24
540,8 BLUE,7 BLUE,0.4,-5.8,-1.96
541,8 BLUE,5 BLUE,3.55,-7.0,-1.88
542,8 BLUE,13 BLUE,-3.07,-5.08,9.03
543,4 BLUE,7 BLUE,3.78,-7.2,-1.74
544,4 BLUE,5 BLUE,7.12,-8.16,-9.19
545,4 BLUE,13 BLUE,3.4,-4.32,7.77
546,7 BLUE,5 BLUE,3.62,-7.36,-5.83
547,7 BLUE,13 BLUE,-1.19,-5.76,9.88
548,5 BLUE,13 BLUE,1.26,-4.28,9.49
